Group	Animal	ALT.24h	ALT.48h	ALT.72h	AST.24h	AST.48h	AST.72h	TBil.24h	TBil.48h	TBil.72h	ALT.rank.24h	ALT.rank.48h	ALT.rank.72h	AST.rank.24h	AST.rank.48h	AST.rank.72h	TBil.rank.24h	TBil.rank.48h	TBil.rank.72h	Mean_rank
1	1-1	70.0	964.0	288.0	198.0	1305.0	480.0	0.1	1.0	1.7	10.0	14.0	10.0	2.0	16.0	9.0	4.5	12.5	10.0	12.25
1	1-10	59.0	138.0	142.0	345.0	317.0	351.0	0.1	0.2	0.6	6.0	6.0	5.0	17.0	5.0	7.0	4.5	3.5	7.0	5.75
1	1-11	66.0	133.0	73.0	222.0	319.0	206.0	0.3	0.1	0.3	9.0	5.0	2.0	4.0	7.0	2.0	13.0	2.0	3.5	4.0
1	1-14	72.0	1234.0	577.0	309.0	318.0	904.0	0.1	0.4	4.2	11.0	17.0	15.0	12.0	6.0	15.0	4.5	5.0	16.0	13.25
1	1-15	79.0	528.0	378.0	333.0	744.0	514.0	0.3	1.7	2.7	16.0	11.0	11.0	16.0	13.0	10.0	13.0	14.0	13.0	11.25
1	1-17	80.0	1040.0	918.0	317.0	479.0	1218.0	0.5	0.5	4.1	17.0	15.0	17.0	14.0	11.0	17.0	17.0	7.0	15.0	15.0
1	1-18	77.0	206.0	225.0	267.0	354.0	283.0	0.1	0.5	0.5	15.0	9.0	8.0	8.0	9.0	5.5	4.5	7.0	5.5	7.875
1	1-19	73.0	82.0	94.0	243.0	181.0	189.0	0.3	0.0	0.1	12.0	4.0	3.0	6.0	1.0	1.0	13.0	1.0	1.5	2.25
1	1-2	46.0	79.0	149.0	151.0	206.0	283.0	0.1	0.5	0.8	2.0	3.0	6.0	1.0	2.0	5.5	4.5	7.0	8.0	4.125
1	1-20	48.0	443.0	434.0	332.0	667.0	873.0	0.1	0.2	3.0	3.0	10.0	12.0	15.0	12.0	12.0	4.5	3.5	14.0	11.5
1	1-3	76.0	75.0	228.0	275.0	313.0	541.0	0.3	0.8	2.0	13.5	1.0	9.0	9.0	4.0	11.0	13.0	11.0	12.0	6.25
1	1-4	44.0	165.0	137.0	205.0	327.0	248.0	0.3	0.6	1.2	1.0	7.0	4.0	3.0	8.0	4.0	13.0	9.0	9.0	5.75
1	1-5	60.0	945.0	798.0	224.0	1281.0	1211.0	0.3	4.6	20.7	7.0	13.0	16.0	5.0	15.0	16.0	13.0	16.0	17.0	15.0
1	1-6	63.0	1213.0	437.0	266.0	882.0	903.0	0.1	1.8	0.3	8.0	16.0	13.0	7.0	14.0	14.0	4.5	15.0	3.5	14.25
1	1-7	55.0	805.0	216.0	310.0	1476.0	418.0	0.1	0.7	1.8	5.0	12.0	7.0	13.0	17.0	8.0	4.5	10.0	11.0	11.0
1	1-8	76.0	77.0	68.0	290.0	275.0	228.0	0.2	1.0	0.1	13.5	2.0	1.0	11.0	3.0	3.0	9.0	12.5	1.5	2.25
1	1-9	50.0	190.0	456.0	282.0	369.0	880.0	0.3	7.3	0.5	4.0	8.0	14.0	10.0	10.0	13.0	13.0	17.0	5.5	11.25
2	2-10	43.0	62.0	94.0	346.0	196.0	230.0	0.6	0.7	0.8	1.0	1.0	5.0	10.0	3.0	8.0	11.0	5.5	3.0	4.25
2	2-11	51.0	1296.0	656.0	379.0	12.0	198.0	0.2	16.6	18.6	2.0	16.0	12.0	14.0	1.0	5.0	3.5	15.0	14.0	8.5
2	2-12	67.0	80.0	95.0	439.0	226.0	185.0	0.4	0.1	2.3	14.0	3.0	6.0	16.0	6.0	3.0	7.5	1.0	10.0	4.5
2	2-13	69.0	537.0	832.0	277.0	879.0	1214.0	0.5	8.6	14.2	16.0	12.0	14.0	3.0	14.0	16.0	10.0	14.0	13.0	14.0
2	2-14	52.0	300.0	508.0	309.0	550.0	929.0	0.1	5.2	3.5	3.0	10.0	11.0	7.0	12.0	13.0	2.0	13.0	12.0	11.5
2	2-15	58.0	1121.0	1322.0	332.0	159.0	720.0	0.2	18.7	19.7	9.0	14.0	15.0	9.0	2.0	12.0	3.5	16.0	15.0	10.75
2	2-16	64.0	187.0	132.0	325.0	325.0	228.0	0.8	0.5	1.9	12.0	8.0	8.0	8.0	10.0	7.0	15.0	4.0	9.0	8.25
2	2-17	62.0	134.0	77.0	219.0	280.0	196.0	0.4	0.2	1.6	10.0	4.0	2.0	1.0	8.0	4.0	7.5	2.0	6.5	4.5
2	2-18	56.0	152.0	55.0	285.0	220.0	149.0	0.7	0.4	0.3	8.0	6.0	1.0	4.0	5.0	1.0	13.0	3.0	1.0	3.25
2	2-19	66.0	164.0	83.0	276.0	282.0	173.0	0.0	0.8	0.5	13.0	7.0	3.0	2.0	9.0	2.0	1.0	7.0	2.0	5.25
2	2-3	68.0	143.0	231.0	357.0	245.0	382.0	0.3	3.9	1.5	15.0	5.0	9.0	12.0	7.0	10.0	5.0	11.0	5.0	7.75
2	2-5	54.0	441.0	665.0	298.0	725.0	1192.0	1.1	3.1	3.0	4.5	11.0	13.0	5.0	13.0	15.0	16.0	10.0	11.0	13.0
2	2-6	55.0	1137.0	1362.0	376.0	1052.0	1173.0	0.7	4.2	23.1	6.5	15.0	16.0	13.0	16.0	14.0	13.0	12.0	16.0	15.25
2	2-7	63.0	289.0	123.0	407.0	386.0	242.0	0.4	1.1	1.6	11.0	9.0	7.0	15.0	11.0	9.0	7.5	8.0	6.5	9.0
2	2-8	54.0	709.0	289.0	352.0	1049.0	536.0	0.7	2.5	1.7	4.5	13.0	10.0	11.0	15.0	11.0	13.0	9.0	8.0	12.25
2	2-9	55.0	72.0	85.0	300.0	202.0	225.0	0.4	0.7	0.9	6.5	2.0	4.0	6.0	4.0	6.0	7.5	5.5	4.0	4.0
G	G-10	44.0	286.0	845.0	171.0	431.0	967.0	0.3	0.1	5.8	7.0	14.0	16.0	3.0	13.0	16.0	6.0	1.5	15.0	14.75
G	G-11	46.0	78.0	73.0	165.0	179.0	181.0	0.4	0.1	0.1	8.5	5.5	6.0	1.0	3.0	7.0	8.0	1.5	2.5	5.375
G	G-12	46.0	100.0	50.0	182.0	276.0	148.0	0.4	0.9	0.1	8.5	7.0	2.5	5.0	9.0	4.0	8.0	11.0	2.5	5.625
G	G-13	50.0	519.0	233.0	234.0	639.0	298.0	1.5	1.5	0.4	13.5	15.0	11.0	16.0	15.0	11.0	17.0	13.0	6.0	13.0
G	G-14	66.0	78.0	54.0	213.0	251.0	131.0	1.1	2.5	0.2	16.0	5.5	4.0	12.0	8.0	1.0	16.0	14.0	5.0	4.625
G	G-15	48.0	217.0	1180.0	176.0	154.0	1114.0	1.0	16.4	54.3	11.0	10.0	17.0	4.0	2.0	17.0	14.5	16.0	16.0	11.5
G	G-16	39.0	50.0	817.0	199.0	227.0	675.0	1.0	0.9	120.0	3.0	1.0	15.0	8.0	5.0	14.0	14.5	11.0	17.0	8.75
G	G-17	62.0	1382.0	402.0	217.0	1187.0	537.0	0.6	0.4	2.0	15.0	17.0	12.0	13.0	17.0	12.0	11.5	8.5	11.0	14.5
G	G-18	41.0	575.0	404.0	169.0	800.0	644.0	0.1	0.2	3.6	4.0	16.0	13.0	2.0	16.0	13.0	2.5	4.5	14.0	14.5
G	G-19	38.0	242.0	557.0	231.0	453.0	862.0	0.1	0.2	3.3	2.0	11.5	14.0	15.0	14.0	15.0	2.5	4.5	13.0	13.625
G	G-20	79.0	59.0	44.0	223.0	220.0	133.0	0.7	2.7	0.6	17.0	3.0	1.0	14.0	4.0	2.0	13.0	15.0	7.5	2.5
G	G-3	50.0	119.0	84.0	200.0	306.0	222.0	0.4	0.2	2.6	13.5	8.5	8.0	9.0	11.0	9.0	8.0	4.5	12.0	9.125
G	G-4	43.0	119.0	75.0	206.0	302.0	178.0	0.1	0.3	0.8	5.5	8.5	7.0	10.0	10.0	6.0	2.5	7.0	10.0	7.875
G	G-6	47.0	242.0	71.0	210.0	126.0	173.0	0.5	19.7	0.1	10.0	11.5	5.0	11.0	1.0	5.0	10.0	17.0	2.5	5.625
G	G-7	34.0	247.0	86.0	194.0	325.0	186.0	0.1	0.4	0.6	1.0	13.0	9.0	7.0	12.0	8.0	2.5	8.5	7.5	10.5
G	G-8	43.0	66.0	123.0	247.0	247.0	235.0	0.6	0.2	0.7	5.5	4.0	10.0	17.0	7.0	10.0	11.5	4.5	9.0	7.75
G	G-9	49.0	52.0	50.0	193.0	246.0	145.0	0.2	0.9	0.1	12.0	2.0	2.5	6.0	6.0	3.0	5.0	11.0	2.5	3.375
G1	G1-10	43.0	69.0	493.0	288.0	223.0	659.0	0.4	0.4	2.0	9.5	7.0	13.0	7.0	7.0	14.0	13.5	8.0	13.0	10.25
G1	G1-11	52.0	37.0	41.0	357.0	177.0	159.0	0.1	0.1	0.4	14.0	1.0	5.0	14.5	1.0	3.0	3.0	3.5	6.5	2.5
G1	G1-12	37.0	42.0	31.0	233.0	189.0	138.0	0.1	0.1	0.1	3.0	2.0	3.0	1.0	2.0	1.0	3.0	3.5	1.0	2.0
G1	G1-13	57.0	558.0	545.0	364.0	687.0	779.0	0.3	1.4	1.9	17.0	15.0	14.0	16.0	15.0	15.0	10.5	14.0	12.0	14.75
G1	G1-14	42.0	162.0	155.0	331.0	281.0	350.0	0.3	0.3	1.0	8.0	11.0	9.0	11.0	8.0	10.0	10.5	7.0	9.0	9.5
G1	G1-15	48.0	353.0	106.0	237.0	482.0	196.0	0.2	0.8	1.3	12.0	14.0	8.0	3.0	13.0	7.0	7.0	11.0	11.0	10.5
G1	G1-16	36.0	49.0	24.0	322.0	216.0	173.0	0.2	0.2	0.2	2.0	4.0	2.0	10.0	6.0	5.0	7.0	6.0	2.0	4.25
G1	G1-17	50.0	966.0	751.0	459.0	1039.0	931.0	1.3	4.4	18.3	13.0	18.0	17.0	18.0	18.0	18.0	17.5	17.0	17.0	17.75
G1	G1-18	35.0	223.0	103.0	236.0	316.0	211.0	0.1	1.5	0.3	1.0	12.0	7.0	2.0	11.0	8.0	3.0	15.0	4.0	9.5
G1	G1-19	39.0	45.0	23.0	264.0	210.0	171.0	0.1	0.1	0.3	5.0	3.0	1.0	6.0	5.0	4.0	3.0	3.5	4.0	3.25
G1	G1-2	40.0	57.0	291.0	247.0	198.0	557.0	1.3	0.9	3.0	6.5	6.0	11.0	4.0	3.0	13.0	17.5	12.0	15.0	8.25
G1	G1-20	43.0	352.0	581.0	258.0	513.0	915.0	1.2	0.0	2.7	9.5	13.0	16.0	5.0	14.0	17.0	16.0	1.0	14.0	15.0
G1	G1-3	46.0	120.0	69.0	302.0	307.0	192.0	0.1	0.5	0.4	11.0	9.0	6.0	8.0	10.0	6.0	3.0	9.5	6.5	7.75
G1	G1-4	38.0	132.0	562.0	335.0	338.0	896.0	0.5	3.0	9.6	4.0	10.0	15.0	12.0	12.0	16.0	15.0	16.0	16.0	13.25
G1	G1-5	56.0	115.0	411.0	371.0	287.0	536.0	0.2	0.1	1.2	16.0	8.0	12.0	17.0	9.0	12.0	7.0	3.5	10.0	10.25
G1	G1-7	70.0	53.0	38.0	306.0	203.0	143.0	0.3	0.5	0.3	18.0	5.0	4.0	9.0	4.0	2.0	10.5	9.5	4.0	3.75
G1	G1-8	40.0	897.0	170.0	357.0	968.0	304.0	0.4	1.0	0.9	6.5	17.0	10.0	14.5	17.0	9.0	13.5	13.0	8.0	13.25
G1	G1-9	54.0	580.0	795.0	352.0	711.0	416.0	0.3	5.1	70.3	15.0	16.0	18.0	13.0	16.0	11.0	10.5	18.0	18.0	15.25
K	K-1	52.0	60.0	36.0	280.0	210.0	171.0	0.1	0.5	0.3	6.0	4.5	5.0	4.0	3.0	5.0	2.0	3.0	3.0	4.375
K	K-2	43.0	45.0	31.0	268.0	175.0	118.0	0.1	0.2	0.6	1.5	1.0	1.5	3.0	1.0	2.5	2.0	1.0	6.0	1.5
K	K-3	43.0	66.0	35.0	317.0	238.0	176.0	0.1	0.6	0.4	1.5	6.0	4.0	6.0	6.0	6.0	2.0	4.0	4.5	5.5
K	K-4	47.0	54.0	33.0	284.0	221.0	118.0	0.6	0.8	0.1	3.0	3.0	3.0	5.0	5.0	2.5	5.5	5.0	1.5	3.375
K	K-5	51.0	53.0	42.0	213.0	219.0	105.0	0.6	0.4	0.1	5.0	2.0	6.0	1.0	4.0	1.0	5.5	2.0	1.5	3.25
K	K-6	50.0	60.0	31.0	246.0	187.0	123.0	0.5	0.9	0.4	4.0	4.5	1.5	2.0	2.0	4.0	4.0	6.0	4.5	3.0
K1	K1-1	53.0	42.0	29.0	347.0	123.0	108.0	0.1	0.2	0.1	5.5	2.0	4.5	6.0	2.0	3.0	1.5	4.0	2.0	2.875
K1	K1-2	45.0	48.0	29.0	254.0	121.0	135.0	0.4	0.1	0.1	3.0	3.0	4.5	4.0	1.0	6.0	4.0	2.0	2.0	3.625
K1	K1-3	53.0	56.0	34.0	252.0	159.0	115.0	3.7	0.4	0.2	5.5	4.0	6.0	3.0	3.0	4.0	6.0	5.0	4.0	4.25
K1	K1-4	39.0	39.0	25.0	174.0	162.0	84.0	0.3	0.1	1.8	1.0	1.0	2.0	1.0	4.0	2.0	3.0	2.0	6.0	2.25
K1	K1-5	42.0	65.0	23.0	333.0	186.0	82.0	0.8	0.5	0.5	2.0	6.0	1.0	5.0	5.0	1.0	5.0	6.0	5.0	3.25
K1	K1-6	52.0	57.0	26.0	213.0	211.0	131.0	0.1	0.1	0.1	4.0	5.0	3.0	2.0	6.0	5.0	1.5	2.0	2.0	4.75
W	W-1	1.0	83.0	110.0	258.0	169.0	158.0	0.2	0.1	2.1	1.0	19.0	18.0	6.0	1.0	12.0	9.5	3.0	19.0	12.5
W	W-10	90.0	54.0	127.0	287.0	235.0	244.0	0.1	0.3	0.7	9.0	1.0	19.0	8.0	9.0	19.0	4.5	8.0	14.0	12.0
W	W-11	82.0	64.0	55.0	318.0	246.0	142.0	0.5	1.0	1.2	4.0	12.0	7.0	12.0	11.0	7.5	15.0	16.0	17.0	9.375
W	W-12	83.0	357.0	144.0	346.0	751.0	305.0	0.4	1.5	0.1	5.0	20.0	20.0	14.0	20.0	20.0	14.0	20.0	2.0	20.0
W	W-13	75.0	56.0	42.0	201.0	225.0	142.0	0.1	0.4	0.5	2.0	3.0	1.0	1.0	8.0	7.5	4.5	12.0	11.5	4.875
W	W-14	138.0	67.0	58.0	605.0	216.0	115.0	1.8	0.3	0.2	20.0	14.0	9.5	20.0	6.0	2.0	19.5	8.0	5.5	7.875
W	W-15	110.0	57.0	62.0	353.0	243.0	176.0	0.3	0.2	0.3	15.0	5.0	13.0	16.0	10.0	17.0	12.0	6.0	8.5	11.25
W	W-16	98.0	64.0	53.0	378.0	259.0	131.0	1.8	0.5	0.2	12.5	12.0	5.5	18.0	13.0	5.0	19.5	15.0	5.5	8.875
W	W-17	76.0	60.0	49.0	368.0	284.0	163.0	0.1	0.1	0.5	3.0	9.0	4.0	17.0	15.0	16.0	4.5	3.0	11.5	11.0
W	W-18	91.0	74.0	59.0	299.0	315.0	154.0	0.1	0.4	0.1	10.5	17.0	11.0	9.0	19.0	10.0	4.5	12.0	2.0	14.25
W	W-19	118.0	73.0	89.0	348.0	187.0	160.0	0.1	0.1	0.3	16.0	16.0	17.0	15.0	4.0	13.5	4.5	3.0	8.5	12.625
W	W-2	86.0	55.0	53.0	222.0	177.0	121.0	0.9	1.2	0.2	6.5	2.0	5.5	2.0	3.0	3.5	17.0	18.0	5.5	3.5
W	W-20	86.0	70.0	72.0	312.0	264.0	184.0	0.1	0.1	3.1	6.5	15.0	16.0	11.0	14.0	18.0	4.5	3.0	20.0	15.75
W	W-3	121.0	57.0	71.0	311.0	217.0	144.0	0.1	1.3	0.1	17.0	5.0	15.0	10.0	7.0	9.0	4.5	19.0	2.0	9.0
W	W-4	100.0	63.0	68.0	249.0	304.0	162.0	0.2	0.4	1.1	14.0	10.0	14.0	4.0	18.0	15.0	9.5	12.0	16.0	14.25
W	W-5	87.0	58.0	44.0	253.0	175.0	121.0	0.3	1.1	0.6	8.0	7.0	2.0	5.0	2.0	3.5	12.0	17.0	13.0	3.625
W	W-6	124.0	64.0	56.0	465.0	299.0	160.0	1.0	0.4	0.2	18.0	12.0	8.0	19.0	16.0	13.5	18.0	12.0	5.5	12.375
W	W-7	91.0	57.0	46.0	282.0	200.0	140.0	0.6	0.3	0.9	10.5	5.0	3.0	7.0	5.0	6.0	16.0	8.0	15.0	4.75
W	W-8	126.0	77.0	61.0	337.0	301.0	155.0	0.3	0.4	1.3	19.0	18.0	12.0	13.0	17.0	11.0	12.0	12.0	18.0	14.5
W	W-9	98.0	59.0	58.0	244.0	252.0	112.0	0.1	0.1	0.4	12.5	8.0	9.5	3.0	12.0	1.0	4.5	3.0	10.0	7.625
